—543—

que 611 1116 feya a 531161, (1116 110 1116 56113 315 sets. Ε1 161061·
1101011, (1116 fos en R. del 601, 10 qual dix, (1116 613 5011 1131001,
6 (1111 ja sabia en 105 affers 6 (1111 111011 3111313- vos. Aquests
113013ᾶο15 . . . (111161611 1116, (1116 611161111116111 613. (161 5611101
9393 61 1111, (1116 vos, 5611101, 1655612 11311111 3 13 6581613 961
3(111651 fet 6 6110313, [(1116] 611 105 1611101116113186 61 113553113186
6113111 (11165 161181165 3 feu per 16581613 . .. Dixeren, . . . que ,
13 6581613 11011 001151111113 116811113 0053 (16 1013 Ῡ13113, 56115
(1116 1105 161181165 611 feu per 6113. Ε110313 (111(61611, (1116 10
11015 proseria 11681111 561111 (16 0311311615 111 (101116115 (16 9611
111 (16 831615; 961 (1116 dixeren 1116, (1116 convenia, 51 10 110113,
(111615 1615 venguessen 3 3031131116111, (1116 proferis 11165 3 avant,
que no avia profert. E 659601311116111, 5611101, (111161611, (1116
961 00 001 10 5611101· 9393 3(111651 fet 31113 3 90531 611 0011-
5151011 6 531113 be, que 1110112 (1615 031(1611315 111 001111351611611.
00176013, (1116 311 00101 (161 910111, (1111 (13550 vendria 3 13 65-
81613, 10 5611101· 9393 9081165 3101831· 10 fet contre volent-at
(1615 0011113513ᾶο15.

Ε1119610, 5611101, 5391312, (111615 (1112 113013ᾶο15 dixeren 61
(11611, 11003 0116113, 61 961101 0611, (1116 Ρ153 6 5011 (1651161 961-
13111 56115 101 111113 3 13 65816513. Ε 10 3 3550 1115 0011113516.
Μ35 1111311116111 (111161611, (1116 611 3550 110 avia questio, que 6115
110 3171611 31101131 per 11101165 13110115 6 659601311116111 961 1110112
(1601612 61 961 1110115 1185, 105 (111315 (11611, que 1013 Ytalia 56
961131117 3 13 65816513. Ε3Χ1 0011 Ρ153 513 611 Ytalia, (11611, (1116
56115 101 (111916 65 (16 13 65816513. Ε1 6115 13 311 9611111. Ε (13(1116513
13110, 5611101, 1116 1003 10 papa 10 (113 (1311111111 (111, 0011 10
93116 ab 611, (1116 (1111, (1116 cert- 613 3 611, (1116 13 ylla de 13
Ε1113 61 1110112 03516115 (161 territori de Pisa 61611 91091131116111
(16 13 65816513. Μ35 (16 13 0111131 dix, que 6110313 11011 613
be 0611, 61119610 01613, (1116 613 (16 13 6581613 61 (1116 (11115 H]
0 IIII (1165 yon auria 1659051. Lo qual, 5611101, 1116 561111113,
quem deren 105 (1112 031(1611315, 001 5680115 (1116 (111116, dixeren
61 (11611, (1116 56115 1013 questio 13 (1113 0111131 61 5011 (1651161
65 (1613 6581613. Α9165 30365165 00565, 5611101· en 131116 (113
yo veen, que 3 3550 110 9οᾶ13 fugir per altre escrit, proferi
315 (1112 0311163315 axj matex 6115611195 31351312 961 6513 13110
11013633186 61 ν3553113186, 51 61119610 105 Ρ153115 111 001156311611

