— 513 —

senym‘, 10 vostre 311119, (1119 911 10195 81595 1111393110111 5011 110(191“,
(111911 195 111195 aya 11151195 (19 1705113 5911110113, (1119 (1111, (111915
11191315 (1119 be 9 11131 5311911 1139131, 9011 59 velen. Ε119313 (1111,
que sil ne ereyets. que 110 111 1911311915 9111131 119811 505111105,
que 3(111951 11319 Α11891; 91 531), (1119 3 111995 (1919011119 Nere4)
lin 3 1110179171. Ε119313 531113 13 1705113 3113 5911170113, 59111101,
(1119, 5980115 (1119 10 1198, 911195 91 113113 1119 1311191131 1191110195, ·
entre que 531113, 1705 90111 1705 931)(19131915 (13(19175 59115 198315,
5115 91113Χ31915 1131119 13 1110119(13 (19 13 (19911113 9 (191 501151(11;
9 51315 9911, 5911101, (1119 510 1915, (1119 110 113111915 119811113
813913, que (11131 (1119 gracia 91 1105 1393, 5980115 (1119 10 9 .. .
119 1191 9911, 110 13115 1313 per 315 511101)913(195195 (11195 raon-1:
13 1111111913, (11191 59 (1111113179 (191 11113111, (1119 110 (11895ε 10 1119
9011(191·1(13 13 ι17113 (19 Cerdenya 59115 3111(13 1705113, 9 axi 110115
911 13113 11981111 591171 119 1191111 Ε 1191 90 vol 91, (111911 10 95-
9111 (19 13 813913, (1119 1911, 9011 1119 10 111113111 911 Ρ., 3895 1311
10115 9011(11(·10115 (19 penes, 51 vos 110 1911915 10 591111 9 11011383-
17915 10 119111 0 11911510. La segona 130, (1119 19Χ915119113
(19911113 (195115(1113 9 5111151(11. Per Deu, senyffl', 1015 3(19515,“)
(1119 conexen 53 111311913, (11911, (1119 11195 110111915, 51 110 11 5015
1311 110119(119111, 1191(11111191513111, 9011 501915. Ρ13913 3 1705,
59111701 , (1119111 (1917315 1191110931, 51 911 195 1131311195, (1119 10115
9591111, 113 3181111 (1913111119111. Que Deus sab, (1119 3 bon 91119-
1111119111 110 (111 9, 5980115 (1119 1108 (111 3 1119501195, (1119 19 10
9911, (1119 10111911 vostre be. Senyor, senblans 1131311195 1705
119 1131119595 3 dir per 195 311195 191195, (1119115 119 1131119595.
Eaxi 119115 1119, (1119 1131119 911 111911 1105113 195110513 . . . Ε11-
(·313, 59111101, 531113 13 1705113 5911)·0113, (1119 95 119118111 391 911
Μ3111 Dalfam, 5980115 (11191 (1111 1191 11115389 1705119; 910 11011ᾖ)
(1119 1191 53 1191189113 119 1)91(1111, (1119 110 9 ν115ἕ) 10 papa (11195
1198311195, 9011 91 11 1911 reverencia, quen Dosa mavia donada
013 9 1111175 uy en aqeste) (113, (1119 . . . 39 911113ᾶ3, 911 Α111311
Dosa dix me: Ara nyt 3(1951 31119 9[3ν]3191; 9 axj 1011131 1119
(1911131 Ε3Χ1, 59111101, 1705 51315 9911, (1119 119111101111111931 (19
1131119119 1110115 111153895, (1119 17051195 31915 11011 17311311 11195.

Α115 1705 111911911 105 11115 111911175 1191 105 311195, 9 par, que vos
Θ) 3(115 Or. f) Stat‘c 1101). g) So Or.

4) Rainerius de Donoratieo 3115 Pisa!

