-·- 520 -—

seren 005 ben e covinentment en aixi, que 015 111111110111111
110011 0 (1110115 11111011 1111 1051105111, (1110 105 110 5011015 11118111.
Ε 5011111(111051 110011 10118100 1110115 00050115 0 11 111 110111, 00111
005 105 0008οΧ11550111, (1110115 10105500 1051105111, 00111 hij 11811-
0550111 051111 110 111 (11111115 3) 5081101115, 1001011 1105 1051105111, (11011,
(1110, 00111 111 (11111 00511 105 11015 111011 0010111 0 non 1181105500
0)*1- [11111111 0 105 1111· 01(1011111110111, (1110 1110115 0011501115 51111011
11 101101, can tractaven de 1001101111 11 donar 0 a (105110111110, 011
axi qne 00110 01150110 00115011 00110110501011 Π. 0 ΙΠ. (1105 0
111115 0108100 00115 11101101110115, (1111 (1080055011 exa111i11a1¹10f(1{†:
0 111115 (1111111015 11101015 01081011 110 1115011115, (1111 1111111011 plen
poder (10 1015 0 00 11(ῤο 11101 01011 ben 0105101 (10 ΧΠ 11 ΧΥ
101115. Ε 111115 0108111011 11115 ambaxadors, (11115 10111100 1111105
amhaxadors de Lueha 0 (10 Ὲ101’011011, 0 (1110 110 01111111 01110111-
1110111 (10 11111111 50 (10 111 1010111111 (101 00111110 (10 Hereum 0 (10
Lucha. E 005 (11Χο111 11115, (1110115 (1011115500 111- 1051105111 per
escrit 0 015 (11Χο1011, (1110 1101 1111 001 110 11111100 11101101 110011
111 0011, (1110 110 0 podien 101, 111115 ans (1110 1105 1111111550111 (10
Taso-ana, (1110 lans 11111011 0 111115 11111110111011 . . . Partim 1105
(10 Sena 1111011115 50811011 0 10111 011 Ὲ101·0110,11 (1111100105 1115051110.
Ε 10 (11801154) 50811011 105 11115 ambaxadors 0 (10 [11101111 dixeren
1111ἱ co, (1110 11110111 1011 0 00 (1110 1111111011 10511051 105 (10 Sena.
E 501110 1100 10118100 00050111, (1110 111111105055011 101105 11 Sena,
11110 015 105 1110811100, (1110, 00111 abans 1108005500, 1008005500
11115 00050115 0 (1110 01110111155011 11115 ambaxadors7 qui 1111 015
011501115 0 ab aquels de Lueha 1111111155011 0 01·(1011115500 111
1051105111, (1110115 11111100 a 101. Ε 1105 1110811111105111·101’5 (10
Fl‹;›1·en‹;a, (1110115 10055011 1051105111, (1110 111011 hij haviem 051111.
Ε 1111105 11101105 1011005105 105110501011 005 (1110 1101153) . . .
1051111· (10 Το5001111 0 (111015 ambaxadors (10 1015 ΙΙΙ. 1054100115
51111011 111 11]·1151111 0 11111101 011501115 (101 (111 1011. Ε axi 1105
agnen] nostre 110011 1111 1111001 Ῠ111111[(1], (1110115 0111011111550111 011
10101111, 0 mentre 015 1111111100 1111 110011, 11111111110111 111) 105
111111(1110505 (10 Μ111051111111 0 ab 10 1110011110101 (10 1111001131111101111
Ι)01·111 0 (10 5011 fijll 0 011000110001 1110005010 .Ι. 1015511180 1115

a) Durehlijchertg ob 0111185 oder ’111111110οῑ 1008110110.

3) Am 30. September.
4) Am 3. Oktober.

