—804-

formatio danumdita. E 611 31111661 636 110 1613 13 (1113 6011116-
610 (1616 0111616 . . .

1111011113610 6011161 161 (1616 111611316.

Sia memoria 311 13611131 (16 ΒΟΧ31106, (11116 113116 311 10
6611101 113113 (16 11311 (161 6611)*οΓ rey 6 (161 66111101· infant Nau-
106, 611 (11131 111311613 1161 316111166 6166610116 16166 1161· 106 capi-
1016 (1316111166 66816166, (1116 11311 313 vagat 611 13 6611)·0113 (161
6611)·01 roy, 6 reservations 6 provisions (1361361166 16166 1161· 10
6611)*01 113113 66 111183 11101116 111683. Ε6 3631161, 6011 611 Ρ6(110
1)111163 613 6161 6 601116111131 611 13. 6681613 (16 Τ31·3(;0113, (1613
(11131 66 11101161 1161 10 66115101· 113113 311 Β6111311 (16 001111316113,
(1111 613 6161 (16 066113, 6 6116313 (16 13 6681613 (16 Leyda 613
11101161 311 Η. Β311111)’0, 611 13 (11131 613 1106111131 611 P. (16
Munchada, 6 1161 3(11166166 60666 10 6611101· roy 6 61 6611101·
infant volents 66(1111ν31 101 666311(161 611 1111· 16113 6 611166
66816166 (1666116 (11166 1138611 1161163113 111311613, 1161 13 (11131 66
11081166 66(1111ν31· 1161· 106 (1116 sets: signifiquen 31 6611101· 113113
13 (1113 111311613 611 13 1011113, (11166 6681161Χ.

Ε6 3631161, (1116 1161 60, 6011 10 (111 611 Ρ. 1)111163 66 6161
-611 eoncordia 611 13 6681613 (16 Τ31·3(;·0113 6 J‘a (0111613131, 111011
(16 13 (11131 6011 1101111116 606 3111166, (1111 6011 111011110(161·0606,
11381166 3(1116113 66816113ς 6 611 Bel-tran (16 Οοι·1111(16113, 31 (11131
-66 11101161 (16 13 6681613 (16 ’131360113116110 6611101 113113,
11381166 106 1161111616, (1116 havi-a, 611 Ρ6(11·0 13111163. Ε360 (11611
10 6611)·01 roy 6 61 6611101 11113111, 1161 qo 6011 66111611 (16 11311
’(1611 136111311 (16 Ο(11·1111(16113, (111611 6613. 113831, 1161 66(11111’31·
666311(161 6 61 116111, (1116 11 110113 66661· 1161 106 3111166 (161 (111
611 Ρ6(110 11111163. Ε (1116 106 provehit 311 R. Dauinyo, 1116116
(16 1161113, (161 31611311161131 (16 Montreyal, (1116 vaga 611 Sicilia
6 61 (11131 10 6611)*01· 113113 66 113 16661131, (1111 66 111011110111·3(13
-6063 6 1110111063, 111011 11166, (11161 11161131 (16 Leyda, 6 131 (16 (1116
611 66 (1611 161111 111011 1161· 113831. Ε (1116 31 11161131 (16 Leyda
106 11111(131 611 Ρ. (16 Μ11116113(13 1116116 (16 83138063 (16 Sicilia,
qui 613 postulat 611 concordia 611 3(111611 11161131. Ε 1161 3(1116613
111311613 66113 63116161 313 111(118113610, (111616 3111166 (1611 Ρ. (16
Μ1111(113(13 11311 6011661111(13 6011116 10 (111 611 R. DauinyQ 116113
manera, (11166 66 16681133 611 3(111611 161. Ε 611 3(111661 (36 611
(13610 (16 Muuchada 10111311(11·13 611 6011 11161131 (16 066113. Ε 61

